220.0000,
0.1179,
0.1202,
0.1217,
0.1228,
0.1239,
0.1251,
0.1262,
0.1273,
0.1281,
0.1289,
0.1300,
0.1311,
0.1319,
0.1327,
0.1334,
0.1342,
0.1353,
0.1365,
0.1372,
0.1380,
0.1387,
0.1395,
0.1402,
0.1409,
0.1416,
0.1423,
0.1430,
0.1437,
0.1444,
0.1451,
0.1458,
0.1469,
0.1480,
0.1487,
0.1494,
0.1501,
0.1508,
0.1515,
0.1522,
0.1529,
0.1536,
0.1547,
0.1558,
0.1565,
0.1573,
0.1580,
0.1588,
0.1596,
0.1607,
0.1619,
0.1627,
0.1635,
0.1643,
0.1651,
0.1663,
0.1675,
0.1683,
0.1691,
0.1699,
0.1707,
0.1715,
0.1724,
0.1736,
0.1748,
0.1756,
0.1764,
0.1772,
0.1779,
0.1791,
0.1802,
0.1810,
0.1817,
0.1825,
0.1832,
0.1843,
0.1855,
0.1862,
0.1870,
0.1877,
0.1885,
0.1893,
0.1900,
0.1908,
0.1915,
0.1923,
0.1930,
0.1938,
0.1946,
0.1953,
0.1961,
0.1968,
0.1976,
0.1984,
0.1991,
0.1999,
0.2006,
0.2013,
0.2020,
0.2027,
0.2034,
0.2041,
0.2048,
0.2055,
0.2062,
0.2069,
0.2076,
0.2083,
0.2090,
0.2097,
0.2105,
0.2112,
0.2119,
0.2126,
0.2133,
0.2141,
0.2151,
0.2163,
0.2170,
0.2178,
0.2185,
0.2193,
0.2205,
0.2216,
0.2224,
0.2232,
0.2240,
0.2248,
0.2255,
0.2263,
0.2271,
0.2278,
0.2286,
0.2294,
0.2301,
0.2309,
0.2320,
0.2331,
0.2339,
0.2346,
0.2354,
0.2361,
0.2368,
0.2378,
0.2389,
0.2395,
0.2406,
0.2416,
0.2423,
0.2430,
0.2437,
0.2447,
0.2458,
0.2466,
0.2473,
0.2480,
0.2488,
0.2495,
0.2503,
0.2510,
0.2518,
0.2526,
0.2534,
0.2542,
0.2550,
0.2555,
0.2559,
0.2567,
0.2576,
0.2585,
0.2593,
0.2602,
0.2611,
0.2619,
0.2628,
0.2636,
0.2645,
0.2654,
0.2662,
0.2671,
0.2684,
0.2697,
0.2705,
0.2714,
0.2722,
0.2731,
0.2739,
0.2747,
0.2755,
0.2762,
0.2770,
0.2778,
0.2785,
0.2793,
0.2800,
0.2808,
0.2819,
0.2830,
0.2838,
0.2845,
0.2852,
0.2860,
0.2867,
0.2878,
0.2889,
0.2897,
0.2908,
0.2919,
0.2927,
0.2934,
0.2946,
0.2958,
0.2965,
0.2973,
0.2981,
0.2988,
0.2996,
0.3003,
0.3011,
0.3018,
0.3026,
0.3033,
0.3041,
0.3045,
0.3048,
0.3056,
0.3064,
0.3071,
0.3079,
0.3087,
0.3094,
0.3102,
0.3109,
0.3117,
0.3124,
0.3135,
0.3147,
0.3154,
0.3162,
0.3173,
0.3184,
0.3192,
0.3204,
0.3215,
0.3223,
0.3230,
0.3241,
0.3252,
0.3260,
0.3267,
0.3275,
0.3282,
0.3294,
0.3305,
0.3313,
0.3321,
0.3328,
0.3336,
0.3344,
0.3351,
0.3359,
0.3367,
0.3374,
0.3385,
0.3397,
0.3404,
0.3412,
0.3419,
0.3427,
0.3434,
0.3442,
0.3449,
0.3457,
0.3464,
0.3471,
0.3478,
0.3484,
0.3491,
0.3498,
0.3505,
0.3512,
0.3519,
0.3526,
0.3533,
0.3540,
0.3547,
0.3554,
0.3562,
0.3569,
0.3577,
0.3584,
0.3592,
0.3600,
0.3608,
0.3615,
0.3627,
0.3640,
0.3648,
0.3656,
0.3664,
0.3673,
0.3681,
0.3689,
0.3698,
0.3706,
0.3714,
0.3721,
0.3729,
0.3736,
0.3744,
0.3752,
0.3759,
0.3767,
0.3774,
0.3782,
0.3789,
0.3797,
0.3804,
0.3812,
0.3819,
0.3827,
0.3834,
0.3842,
0.3849,
0.3856,
0.3867,
0.3879,
0.3886,
0.3894,
0.3901,
0.3909,
0.3921,
0.3932,
0.3940,
0.3948,
0.3955,
0.3966,
0.3978,
0.3985,
0.3992,
0.4000,
0.4011,
0.4023,
0.4030,
0.4038,
0.4046,
0.4054,
0.4061,
0.4069,
0.4076,
0.4084,
0.4091,
0.4098,
0.4106,
0.4113,
0.4120,
0.4128,
0.4135,
0.4143,
0.4150,
0.4158,
0.4166,
0.4174,
0.4181,
0.4189,
0.4196,
0.4207,
0.4218,
0.4226,
0.4233,
0.4244,
0.4256,
0.4263,
0.4271,
0.4283,
0.4294,
0.4302,
0.4310,
0.4317,
0.4325,
0.4332,
0.4339,
0.4347,
0.4358,
0.4369,
0.4377,
0.4384,
0.4392,
0.4400,
0.4408,
0.4415,
0.4423,
0.4431,
0.4438,
0.4449,
0.4461,
0.4468,
0.4479,
0.4491,
0.4498,
0.4506,
0.4517,
0.4529,
0.4537,
0.4544,
0.4552,
0.4559,
0.4566,
0.4573,
0.4581,
0.4588,
0.4595,
0.4603,
0.4610,
0.4618,
0.4625,
0.4629,
0.4633,
0.4641,
0.4649,
0.4657,
0.4665,
0.4673,
0.4681,
0.4689,
0.4697,
0.4705,
0.4713,
0.4725,
0.4737,
0.4745,
0.4753,
0.4762,
0.4774,
0.4786,
0.4794,
0.4802,
0.4809,
0.4820,
0.4830,
0.4837,
0.4844,
0.4851,
0.4858,
0.4865,
0.4876,
0.4886,
0.4893,
0.4900,
0.4908,
0.4915,
0.4922,
0.4929,
0.4939,
0.4950,
0.4958,
0.4965,
0.4972,
0.4980,
0.4992,
0.5003,
0.5011,
0.5019,
0.5027,
0.5035,
0.5042,
0.5050,
0.5061,
0.5072,
0.5079,
0.5087,
0.5094,
0.5102,
0.5109,
0.5117,
0.5125,
0.5133,
0.5140,
0.5148,
0.5156,
0.5163,
0.5171,
0.5178,
0.5185,
0.5193,
0.5200,
0.5207,
0.5215,
0.5223,
0.5230,
0.5238,
0.5246,
0.5253,
0.5261,
0.5269,
0.5277,
0.5284,
0.5295,
0.5306,
0.5314,
0.5321,
0.5328,
0.5340,
0.5351,
0.5359,
0.5367,
0.5374,
0.5382,
0.5390,
0.5398,
0.5405,
0.5413,
0.5420,
0.5427,
0.5435,
0.5439,
0.5442,
0.5450,
0.5457,
0.5465,
0.5473,
0.5476,
0.5480,
0.5488,
0.5496,
0.5503,
0.5507,
0.5511,
0.5519,
0.5526,
0.5533,
0.5540,
0.5547,
0.5551,
0.5555,
0.5562,
0.5569,
0.5577,
0.5584,
0.5592,
0.5600,
0.5608,
0.5616,
0.5624,
0.5632,
0.5640,
0.5648,
0.5656,
0.5664,
0.5671,
0.5680,
0.5688,
0.5696,
0.5708,
0.5720,
0.5728,
0.5737,
0.5745,
0.5753,
0.5761,
0.5769,
0.5776,
0.5786,
0.5797,
0.5804,
0.5811,
0.5817,
0.5824,
0.5835,
0.5845,
0.5852,
0.5859,
0.5866,
0.5874,
0.5881,
0.5888,
0.5895,
0.5902,
0.5909,
0.5916,
0.5924,
0.5931,
0.5939,
0.5946,
0.5954,
0.5966,
0.5978,
0.5986,
0.5994,
0.6002,
0.6013,
0.6024,
0.6035,
0.6046,
0.6054,
0.6065,
0.6076,
0.6084,
0.6096,
0.6107,
0.6115,
0.6123,
0.6130,
0.6137,
0.6145,
0.6152,
0.6159,
0.6167,
0.6174,
0.6182,
0.6189,
0.6193,
0.6197,
0.6205,
0.6212,
0.6220,
0.6228,
0.6236,
0.6244,
0.6251,
0.6262,
0.6273,
0.6281,
0.6292,
0.6303,
0.6315,
0.6326,
0.6334,
0.6346,
0.6357,
0.6365,
0.6372,
0.6379,
0.6389,
0.6400,
0.6407,
0.6414,
0.6422,
0.6429,
0.6437,
0.6445,
0.6449,
0.6453,
0.6461,
0.6469,
0.6478,
0.6486,
0.6494,
0.6502,
0.6510,
0.6519,
0.6527,
0.6535,
0.6544,
0.6553,
0.6561,
0.6570,
0.6579,
0.6588,
0.6597,
0.6606,
0.6614,
0.6623,
0.6631,
0.6638,
0.6646,
0.6653,
0.6661,
0.6668,
0.6676,
0.6683,
0.6690,
0.6698,
0.6705,
0.6713,
0.6720,
0.6728,
0.6735,
0.6743,
0.6750,
0.6757,
0.6768,
0.6778,
0.6786,
0.6793,
0.6804,
0.6816,
0.6824,
0.6832,
0.6844,
0.6856,
0.6864,
0.6871,
0.6882,
0.6894,
0.6901,
0.6909,
0.6920,
0.6931,
0.6939,
0.6947,
0.6954,
0.6962,
0.6970,
0.6977,
0.6985,
0.6992,
0.6998,
0.7005,
0.7011,
0.7018,
0.7025,
0.7032,
0.7039,
0.7046,
0.7053,
0.7060,
0.7067,
0.7075,
0.7082,
0.7090,
0.7098,
0.7105,
0.7113,
0.7120,
0.7128,
0.7136,
0.7147,
0.7160,
0.7168,
0.7176,
0.7185,
0.7193,
0.7201,
0.7210,
0.7219,
0.7227,
0.7234,
0.7242,
0.7249,
0.7257,
0.7268,
0.7279,
0.7287,
0.7294,
0.7302,
0.7309,
0.7317,
0.7325,
0.7332,
0.7340,
0.7348,
0.7355,
0.7362,
0.7373,
0.7384,
0.7391,
0.7399,
0.7406,
0.7414,
0.7422,
0.7429,
0.7437,
0.7445,
0.7453,
0.7461,
0.7469,
0.7476,
0.7483,
0.7490,
0.7498,
0.7505,
0.7512,
0.7519,
0.7527,
0.7534,
0.7538,
0.7542,
0.7550,
0.7557,
0.7565,
0.7573,
0.7581,
0.7589,
0.7596,
0.7603,
0.7610,
0.7621,
0.7632,
0.7640,
0.7647,
0.7655,
0.7663,
0.7674,
0.7686,
0.7694,
0.7702,
0.7710,
0.7717,
0.7724,
0.7735,
0.7746,
0.7753,
0.7761,
0.7768,
0.7776,
0.7784,
0.7791,
0.7799,
0.7807,
0.7815,
0.7823,
0.7831,
0.7838,
0.7845,
0.7856,
0.7867,
0.7874,
0.7882,
0.7889,
0.7897,
0.7905,
0.7916,
0.7928,
0.7936,
0.7944,
0.7952,
0.7959,
0.7970,
0.7980,
0.7988,
0.7995,
0.8002,
0.8010,
0.8021,
0.8033,
0.8041,
0.8049,
0.8057,
0.8065,
0.8073,
0.8080,
0.8087,
0.8098,
0.8109,
0.8117,
0.8124,
0.8132,
0.8139,
0.8147,
0.8155,
0.8163,
0.8170,
0.8178,
0.8186,
0.8194,
0.8201,
0.8208,
0.8215,
0.8222,
0.8229,
0.8236,
0.8243,
0.8250,
0.8257,
0.8264,
0.8271,
0.8278,
0.8285,
0.8292,
0.8299,
0.8306,
0.8314,
0.8323,
0.8332,
0.8342,
0.8349,
0.8361,
0.8373,
0.8382,
0.8392,
0.8402,
0.8412,
0.8418,
0.8423,
0.8435,
0.8447,
0.8453,
0.8459,
0.8466,
0.8472,
0.8486,
0.8492,
0.8499,
0.8506,
0.8513,
0.8527,
0.8534,
0.8542,
0.8549,
0.8556,
0.8563,
0.8570,
0.8578,
0.8585,
0.8599,
0.8606,
0.8613,
0.8620,
0.8627,
0.8640,
0.8647,
0.8653,
0.8664,
0.8674,
0.8679,
0.8684,
0.8693,
0.8702,
0.8710,
0.8722,
0.8734,
0.8741,
0.8748,
0.8755,
0.8765,
0.8775,
0.8782,
0.8788,
0.8794,
0.8804,
0.8814,
0.8820,
0.8827,
0.8834,
0.8841,
0.8848,
0.8852,
0.8856,
0.8863,
0.8871,
0.8879,
0.8887,
0.8895,
0.8902,
0.8909,
0.8916,
0.8923,
0.8934,
0.8945,
0.8952,
0.8960,
0.8967,
0.8975,
0.8983,
0.8991,
0.8999,
0.9007,
0.9015,
0.9022,
0.9029,
0.9036,
0.9044,
0.9051,
0.9058,
0.9069,
0.9081,
0.9088,
0.9096,
0.9104,
0.9112,
0.9120,
0.9128,
0.9136,
0.9146,
0.9157,
0.9164,
0.9175,
0.9186,
0.9194,
0.9201,
0.9213,
0.9225,
0.9233,
0.9241,
0.9249,
0.9257,
0.9264,
0.9271,
0.9279,
0.9286,
0.9293,
0.9301,
0.9308,
0.9316,
0.9324,
0.9331,
0.9335,
0.9339,
0.9347,
0.9355,
0.9362,
0.9370,
0.9378,
0.9384,
0.9391,
0.9401,
0.9411,
0.9417,
0.9424,
0.9431,
0.9438,
0.9445,
0.9452,
0.9460,
0.9467,
0.9475,
0.9483,
0.9491,
0.9498,
0.9505,
0.9509,
0.9513,
0.9520,
0.9528,
0.9532,
0.9536,
0.9544,
0.9552,
0.9556,
0.9560,
0.9569,
0.9577,
0.9581,
0.9586,
0.9594,
0.9603,
0.9607,
0.9611,
0.9620,
0.9627,
0.9635,
0.9642,
0.9649,
0.9656,
0.9667,
0.9678,
0.9686,
0.9693,
0.9701,
0.9713,
0.9724,
0.9732,
0.9740,
0.9747,
0.9754,
0.9764,
0.9775,
0.9782,
0.9790,
0.9797,
0.9805,
0.9813,
0.9821,
0.9825,
0.9828,
0.9837,
0.9845,
0.9853,
0.9861,
0.9868,
0.9875,
0.9882,
0.9889,
0.9897,
0.9904,
0.9911,
0.9919,
0.9930,
0.9942,
0.9950,
0.9958,
0.9966,
0.9974,
0.9982,
0.9989,
1.0000,
1.0010,
1.0017,
1.0028,
1.0040,
1.0047,
1.0055,
1.0067,
1.0079,
1.0087,
1.0095,
1.0103,
1.0110,
1.0120,
1.0131,
1.0138,
1.0146,
1.0153,
1.0161,
1.0168,
1.0176,
1.0184,
1.0192,
1.0200,
1.0208,
1.0216,
1.0224,
1.0231,
1.0238,
1.0245,
1.0253,
1.0264,
1.0275,
1.0282,
1.0290,
1.0297,
1.0305,
1.0313,
1.0321,
1.0329,
1.0337,
1.0345,
1.0352,
1.0358,
1.0368,
1.0379,
1.0386,
1.0393,
1.0400,
1.0408,
1.0416,
1.0424,
1.0432,
1.0440,
1.0449,
1.0457,
1.0466,
1.0474,
1.0482,
1.0490,
1.0498,
1.0507,
1.0515,
1.0524,
1.0533,
1.0542,
1.0550,
1.0555,
1.0559,
1.0568,
1.0577,
1.0586,
1.0594,
1.0603,
1.0610,
1.0617,
1.0627,
1.0637,
1.0643,
1.0650,
1.0657,
1.0664,
1.0674,
1.0685,
1.0692,
1.0700,
1.0707,
1.0715,
1.0722,
1.0729,
1.0736,
1.0743,
1.0755,
1.0767,
1.0775,
1.0783,
1.0787,
1.0791,
1.0800,
1.0809,
1.0817,
1.0826,
1.0835,
1.0844,
1.0851,
1.0859,
1.0866,
1.0874,
1.0881,
1.0893,
1.0904,
1.0911,
1.0919,
1.0927,
1.0934,
1.0942,
1.0950,
1.0957,
1.0965,
1.0971,
1.0981,
1.0990,
1.0997,
1.1003,
1.1010,
1.1017,
1.1024,
1.1035,
1.1046,
1.1054,
1.1062,
1.1070,
1.1078,
1.1085,
1.1096,
1.1108,
1.1116,
1.1123,
1.1136,
1.1148,
1.1156,
1.1165,
1.1173,
1.1182,
1.1190,
1.1199,
1.1207,
1.1214,
1.1220,
1.1227,
1.1234,
1.1244,
1.1254,
1.1261,
1.1268,
1.1271,
1.1275,
1.1282,
1.1289,
1.1297,
1.1304,
1.1312,
1.1320,
1.1327,
1.1334,
1.1341,
1.1349,
1.1356,
1.1364,
1.1372,
1.1380,
1.1388,
1.1396,
1.1405,
1.1413,
1.1422,
1.1431,
1.1439,
1.1448,
1.1455,
1.1462,
1.1470,
1.1480,
1.1491,
1.1499,
1.1506,
1.1514,
1.1522,
1.1529,
1.1537,
1.1545,
1.1553,
1.1561,
1.1569,
1.1576,
1.1583,
1.1593,
1.1604,
1.1611,
1.1618,
1.1626,
1.1634,
1.1641,
1.1649,
1.1657,
1.1665,
1.1673,
1.1682,
1.1690,
1.1697,
1.1704,
1.1714,
1.1725,
1.1732,
1.1740,
1.1747,
1.1755,
1.1763,
1.1770,
1.1778,
1.1786,
1.1795,
1.1803,
1.1811,
1.1818,
1.1825,
1.1832,
1.1839,
1.1846,
1.1853,
1.1861,
1.1868,
1.1876,
1.1884,
1.1891,
1.1899,
1.1907,
1.1916,
1.1924,
1.1932,
1.1939,
1.1949,
1.1960,
1.1967,
1.1978,
1.1989,
1.1996,
1.2008,
1.2020,
1.2028,
1.2036,
1.2045,
1.2053,
1.2060,
1.2067,
1.2074,
1.2082,
1.2089,
1.2096,
1.2104,
1.2111,
1.2119,
1.2127,
1.2135,
1.2142,
1.2150,
1.2158,
1.2166,
1.2174,
1.2180,
1.2190,
1.2199,
1.2209,
1.2219,
1.2226,
1.2233,
1.2243,
1.2255,
1.2262,
1.2270,
1.2278,
1.2286,
1.2293,
1.2300,
1.2307,
1.2315,
1.2322,
1.2330,
1.2338,
1.2346,
1.2354,
1.2363,
1.2371,
1.2376,
1.2380,
1.2389,
1.2397,
1.2406,
1.2415,
1.2422,
1.2433,
1.2444,
1.2451,
1.2458,
1.2469,
1.2481,
1.2488,
1.2496,
1.2508,
1.2520,
1.2528,
1.2536,
1.2543,
1.2553,
1.2563,
1.2571,
1.2578,
1.2585,
1.2593,
1.2600,
1.2608,
1.2616,
1.2624,
1.2632,
1.2640,
1.2649,
1.2657,
1.2664,
1.2674,
1.2685,
1.2692,
1.2699,
1.2710,
1.2722,
1.2729,
1.2737,
1.2745,
1.2753,
1.2761,
1.2770,
1.2778,
1.2785,
1.2792,
1.2799,
1.2806,
1.2813,
1.2820,
1.2827,
1.2835,
1.2842,
1.2850,
1.2858,
1.2866,
1.2870,
1.2874,
1.2882,
1.2891,
1.2899,
1.2906,
1.2913,
1.2920,
1.2927,
1.2937,
1.2948,
1.2956,
1.2964,
1.2971,
1.2979,
1.2987,
1.2995,
1.3003,
1.3012,
1.3020,
1.3027,
1.3034,
1.3044,
1.3054,
1.3062,
1.3069,
1.3076,
1.3084,
1.3092,
1.3099,
1.3107,
1.3115,
1.3123,
1.3132,
1.3140,
1.3147,
1.3157,
1.3168,
1.3175,
1.3182,
1.3189,
1.3201,
1.3212,
1.3220,
1.3228,
1.3236,
1.3244,
1.3253,
1.3261,
1.3268,
1.3278,
1.3288,
1.3295,
1.3302,
1.3309,
1.3317,
1.3325,
1.3332,
1.3340,
1.3348,
1.3357,
1.3365,
1.3373,
1.3382,
1.3389,
1.3396,
1.3404,
1.3411,
1.3419,
1.3426,
1.3434,
1.3442,
1.3451,
1.3459,
1.3467,
1.3476,
1.3485,
1.3493,
1.3502,
1.3511,
1.3518,
1.3525,
1.3533,
1.3540,
1.3547,
1.3554,
1.3562,
1.3569,
1.3577,
1.3585,
1.3592,
1.3600,
1.3608,
1.3616,
1.3624,
1.3632,
1.3638,
1.3645,
1.3651,
1.3658,
1.3664,
1.3671,
1.3678,
1.3685,
1.3692,
1.3699,
1.3706,
1.3714,
1.3718,
1.3722,
1.3729,
1.3737,
1.3745,
1.3751,
1.3758,
1.3764,
1.3771,
1.3778,
1.3785,
1.3792,
1.3799,
1.3807,
1.3815,
1.3823,
1.3831,
1.3835,
1.3839,
1.3848,
1.3856,
1.3865,
1.3872,
1.3880,
1.3887,
1.3895,
1.3903,
1.3910,
1.3918,
1.3927,
1.3935,
1.3943,
1.3952,
1.3960,
1.3969,
1.3977,
1.3986,
1.3994,
1.4001,
1.4010,
1.4020,
1.4027,
1.4034,
1.4040,
1.4051,
1.4061,
1.4069,
1.4076,
1.4084,
1.4091,
1.4099,
1.4107,
1.4114,
1.4120,
1.4127,
1.4137,
1.4148,
1.4155,
1.4163,
1.4171,
1.4178,
1.4186,
1.4195,
1.4203,
1.4211,
1.4220,
1.4228,
1.4238,
1.4248,
1.4258,
1.4268,
1.4276,
1.4287,
1.4298,
1.4306,
1.4315,
1.4323,
1.4331,
1.4340,
1.4349,
1.4357,
1.4364,
1.4372,
1.4380,
1.4388,
1.4396,
1.4401,
1.4405,
1.4413,
1.4422,
1.4431,
1.4440,
1.4449,
1.4454,
1.4458,
1.4468,
1.4477,
1.4486,
1.4493,
1.4504,
1.4515,
1.4526,
1.4537,
1.4548,
1.4559,
1.4567,
1.4579,
1.4591,
1.4599,
1.4607,
1.4614,
1.4620,
1.4627,
1.4634,
1.4641,
1.4648,
1.4655,
1.4663,
1.4671,
1.4678,
1.4686,
1.4695,
1.4703,
1.4707,
1.4711,
1.4720,
1.4728,
1.4735,
1.4741,
1.4752,
1.4762,
1.4769,
1.4777,
1.4784,
1.4795,
1.4807,
1.4815,
1.4823,
1.4831,
1.4840,
1.4848,
1.4855,
1.4861,
1.4868,
1.4875,
1.4882,
1.4889,
1.4897,
1.4904,
1.4912,
1.4920,
1.4928,
1.4936,
1.4944,
1.4952,
1.4961,
1.4969,
1.4979,
1.4989,
1.4996,
1.5007,
1.5018,
1.5025,
1.5033,
1.5045,
1.5057,
1.5065,
1.5073,
1.5082,
1.5090,
1.5097,
1.5104,
1.5110,
1.5117,
1.5124,
1.5132,
1.5139,
1.5146,
1.5154,
1.5162,
1.5170,
1.5178,
1.5186,
1.5194,
1.5203,
1.5211,
1.5221,
1.5231,
1.5238,
1.5248,
1.5259,
1.5266,
1.5274,
1.5286,
1.5298,
1.5306,
1.5315,
1.5323,
1.5332,
1.5339,
1.5346,
1.5353,
1.5361,
1.5368,
1.5376,
1.5384,
1.5392,
1.5400,
1.5408,
1.5417,
1.5426,
1.5430,
1.5434,
1.5443,
1.5452,
1.5461,
1.5468,
1.5475,
1.5486,
1.5497,
1.5504,
1.5511,
1.5519,
1.5530,
1.5542,
1.5550,
1.5558,
1.5566,
1.5574,
1.5582,
1.5588,
1.5594,
1.5601,
1.5610,
1.5620,
1.5626,
1.5633,
1.5640,
1.5648,
1.5651,
1.5655,
1.5662,
1.5670,
1.5678,
1.5686,
1.5694,
1.5700,
1.5710,
1.5720,
1.5727,
1.5734,
1.5742,
1.5749,
1.5761,
1.5773,
1.5781,
1.5789,
1.5798,
1.5806,
1.5815,
1.5822,
1.5832,
1.5842,
1.5849,
1.5856,
1.5864,
1.5871,
1.5879,
1.5886,
1.5894,
1.5902,
1.5911,
1.5919,
1.5928,
1.5936,
1.5943,
1.5950,
1.5957,
1.5964,
1.5971,
1.5979,
1.5986,
1.5994,
1.6002,
1.6009,
1.6017,
1.6025,
1.6033,
1.6041,
1.6049,
1.6057,
1.6065,
1.6073,
1.6082,
1.6091,
1.6097,
1.6108,
1.6119,
1.6126,
1.6134,
1.6143,
1.6152,
1.6161,
1.6170,
1.6179,
1.6188,
1.6197,
1.6206,
1.6215,
1.6224,
1.6229,
1.6233,
1.6242,
1.6251,
1.6259,
1.6267,
1.6275,
1.6282,
1.6291,
1.6300,
1.6300,
1.6311,
1.6323,
1.6333,
1.6345,
1.6358,
1.6368,
1.6377,
1.6388,
1.6393,
1.6398,
1.6408,
1.6419,
1.6427,
1.6434,
1.6442,
1.6449,
1.6456,
1.6464,
1.6471,
1.6479,
1.6486,
1.6490,
1.6494,
1.6501,
1.6509,
1.6517,
1.6524,
1.6532,
1.6540,
1.6546,
1.6556,
1.6566,
1.6573,
1.6584,
1.6595,
1.6603,
1.6611,
1.6623,
1.6635,
1.6644,
1.6652,
1.6661,
1.6668,
1.6678,
1.6688,
1.6695,
1.6702,
1.6709,
1.6717,
1.6724,
1.6732,
1.6740,
1.6748,
1.6757,
1.6765,
1.6773,
1.6782,
1.6789,
1.6799,
1.6809,
1.6816,
1.6823,
1.6834,
1.6845,
1.6853,
1.6861,
1.6869,
1.6878,
1.6886,
1.6894,
1.6903,
1.6910,
1.6916,
1.6923,
1.6930,
1.6940,
1.6951,
1.6955,
1.6959,
1.6966,
1.6974,
1.6982,
1.6990,
1.6999,
1.7007,
1.7015,
1.7024,
1.7031,
1.7041,
1.7051,
1.7058,
1.7065,
1.7076,
1.7088,
1.7096,
1.7104,
1.7112,
1.7120,
1.7128,
1.7137,
1.7145,
1.7151,
1.7158,
1.7164,
1.7171,
1.7178,
1.7185,
1.7192,
1.7199,
1.7207,
1.7214,
1.7222,
1.7231,
1.7239,
1.7243,
1.7247,
1.7256,
1.7265,
1.7272,
1.7279,
1.7287,
1.7294,
1.7305,
1.7317,
1.7325,
1.7334,
1.7342,
1.7351,
1.7359,
1.7368,
1.7377,
1.7385,
1.7394,
1.7400,
1.7410,
1.7420,
1.7426,
1.7436,
1.7446,
1.7454,
1.7461,
1.7468,
1.7476,
1.7483,
1.7491,
1.7499,
1.7507,
1.7513,
1.7520,
1.7529,
1.7540,
1.7547,
1.7554,
1.7561,
1.7569,
1.7577,
1.7585,
1.7593,
1.7602,
1.7611,
1.7619,
1.7628,
1.7638,
1.7648,
1.7655,
1.7665,
1.7676,
1.7684,
1.7691,
1.7699,
1.7707,
1.7715,
1.7724,
1.7728,
1.7732,
1.7740,
1.7749,
1.7756,
1.7762,
1.7765,
1.7769,
1.7776,
1.7783,
1.7786,
1.7790,
1.7797,
1.7804,
1.7808,
1.7812,
1.7820,
1.7828,
1.7832,
1.7836,
1.7844,
1.7853,
1.7857,
1.7861,
1.7870,
1.7877,
1.7887,
1.7897,
1.7907,
1.7918,
1.7925,
1.7937,
1.7949,
1.7961,
1.7973,
1.7982,
1.7990,
1.7996,
1.8006,
1.8015,
1.8022,
1.8029,
1.8036,
1.8044,
1.8047,
1.8051,
1.8059,
1.8067,
1.8075,
1.8084,
1.8088,
1.8093,
1.8102,
1.8111,
1.8118,
1.8126,
1.8133,
1.8145,
1.8157,
1.8166,
1.8174,
1.8183,
1.8192,
1.8201,
1.8210,
1.8220,
1.8229,
1.8239,
1.8248,
1.8255,
1.8262,
1.8269,
1.8276,
1.8283,
1.8290,
1.8298,
1.8305,
1.8313,
1.8320,
1.8328,
1.8336,
1.8344,
1.8352,
1.8361,
1.8369,
1.8379,
1.8388,
1.8395,
1.8406,
1.8416,
1.8424,
1.8435,
1.8447,
1.8456,
1.8464,
1.8473,
1.8481,
1.8490,
1.8497,
1.8503,
1.8513,
1.8524,
1.8531,
1.8538,
1.8545,
1.8553,
1.8561,
1.8565,
1.8569,
1.8577,
1.8585,
1.8594,
1.8602,
1.8611,
1.8617,
1.8627,
1.8637,
1.8644,
1.8655,
1.8666,
1.8674,
1.8685,
1.8698,
1.8706,
1.8715,
1.8723,
1.8732,
1.8739,
1.8749,
1.8759,
1.8766,
1.8773,
1.8781,
1.8788,
1.8796,
1.8804,
1.8812,
1.8820,
1.8828,
1.8836,
1.8845,
1.8853,
1.8859,
1.8868,
1.8877,
1.8883,
1.8890,
1.8896,
1.8907,
1.8917,
1.8925,
1.8932,
1.8940,
1.8948,
1.8957,
1.8965,
1.8975,
1.8985,
1.8992,
1.8999,
1.9010,
1.9022,
1.9031,
1.9039,
1.9048,
1.9057,
1.9066,
1.9075,
1.9085,
1.9094,
1.9101,
1.9112,
1.9123,
1.9130,
1.9138,
1.9146,
1.9154,
1.9162,
1.9170,
1.9179,
1.9188,
1.9196,
1.9205,
1.9214,
1.9223,
1.9230,
1.9240,
1.9251,
1.9258,
1.9265,
1.9272,
1.9280,
1.9287,
1.9295,
1.9303,
1.9311,
1.9319,
1.9328,
1.9336,
1.9344,
1.9350,
1.9356,
1.9365,
1.9374,
1.9380,
1.9387,
1.9394,
1.9401,
1.9408,
1.9416,
1.9420,
1.9423,
1.9432,
1.9440,
1.9448,
1.9457,
1.9464,
1.9471,
1.9481,
1.9492,
1.9500,
1.9508,
1.9516,
1.9524,
1.9533,
1.9542,
1.9550,
1.9559,
1.9568,
1.9577,
1.9586,
1.9595,
1.9605,
1.9611,
1.9618,
1.9627,
1.9638,
1.9645,
1.9652,
1.9659,
1.9666,
1.9674,
1.9682,
1.9690,
1.9698,
1.9704,
1.9710,
1.9720,
1.9730,
1.9737,
1.9744,
1.9752,
1.9759,
1.9767,
1.9771,
1.9775,
1.9784,
1.9792,
1.9801,
1.9810,
1.9819,
1.9826,
1.9836,
1.9846,
1.9853,
1.9860,
1.9871,
1.9882,
1.9890,
1.9898,
1.9906,
1.9914,
1.9923,
1.9931,
1.9940,
1.9946,
1.9956,
1.9966,
1.9972,
1.9979,
1.9987,
1.9994,
2.0002,
2.0009,
2.0018,
2.0026,
2.0034,
2.0043,
2.0052,
2.0061,
2.0068,
2.0075,
2.0085,
2.0096,
2.0104,
2.0112,
2.0120,
2.0128,
2.0136,
2.0145,
2.0154,
2.0163,
2.0172,
2.0181,
2.0190,
2.0197,
2.0207,
2.0217,
2.0224,
2.0232,
2.0243,
2.0254,
2.0262,
2.0270,
2.0278,
2.0286,
2.0294,
2.0303,
2.0311,
2.0320,
2.0329,
2.0335,
2.0342,
2.0351,
2.0362,
2.0369,
2.0376,
2.0384,
2.0391,
2.0399,
2.0407,
2.0416,
2.0424,
2.0433,
2.0443,
2.0449,
2.0456,
2.0466,
2.0477,
2.0485,
2.0493,
2.0501,
2.0509,
2.0518,
2.0526,
2.0535,
2.0544,
2.0550,
2.0560,
2.0570,
2.0577,
2.0584,
2.0591,
2.0599,
2.0606,
2.0614,
2.0622,
2.0631,
2.0639,
2.0648,
2.0656,
2.0665,
2.0675,
2.0684,
2.0691,
2.0698,
2.0709,
2.0720,
2.0727,
2.0735,
2.0743,
2.0752,
2.0760,
2.0769,
2.0777,
2.0786,
2.0792,
2.0799,
2.0809,
2.0819,
2.0826,
2.0833,
2.0841,
2.0848,
2.0856,
2.0864,
2.0873,
2.0877,
2.0881,
2.0890,
2.0898,
2.0907,
2.0913,
2.0923,
2.0933,
2.0940,
2.0947,
2.0954,
2.0962,
2.0969,
2.0977,
2.0985,
2.0994,
2.1002,
2.1011,
2.1019,
2.1028,
2.1034,
2.1044,
2.1054,
2.1061,
2.1068,
2.1075,
2.1082,
2.1090,
2.1098,
2.1106,
2.1114,
2.1123,
2.1127,
2.1131,
2.1140,
2.1149,
2.1155,
2.1162,
2.1168,
2.1175,
2.1182,
2.1189,
2.1196,
2.1204,
2.1212,
2.1219,
2.1228,
2.1236,
2.1244,
2.1253,
2.1261,
2.1270,
2.1279,
2.1289,
2.1295,
2.1305,
2.1316,
2.1323,
2.1335,
2.1347,
2.1355,
2.1363,
2.1372,
2.1381,
2.1390,
2.1397,
2.1407,
2.1418,
2.1425,
2.1433,
2.1440,
2.1448,
2.1457,
2.1465,
2.1474,
2.1483,
2.1492,
2.1501,
2.1510,
2.1519,
2.1529,
2.1539,
2.1549,
2.1559,
2.1570,
2.1582,
2.1589,
2.1597,
2.1606,
2.1614,
2.1623,
2.1631,
2.1640,
2.1646,
2.1653,
2.1660,
2.1666,
2.1673,
2.1680,
2.1688,
2.1695,
2.1699,
2.1703,
2.1711,
2.1719,
2.1727,
2.1735,
2.1740,
2.1744,
2.1752,
2.1761,
2.1770,
2.1779,
2.1788,
2.1797,
2.1804,
2.1814,
2.1825,
2.1833,
2.1841,
2.1849,
2.1857,
2.1865,
2.1874,
2.1880,
2.1887,
2.1893,
2.1900,
2.1907,
2.1915,
2.1919,
2.1923,
2.1931,
2.1939,
2.1943,
2.1947,
2.1956,
2.1965,
2.1970,
2.1974,
2.1984,
2.1989,
2.1993,
2.2003,
2.2010,
2.2017,
2.2024,
2.2032,
2.2039,
2.2047,
2.2054,
2.2062,
2.2071,
2.2079,
2.2088,
2.2096,
2.2105,
2.2114,
2.2123,
2.2132,
2.2138,
2.2145,
2.2152,
2.2158,
2.2165,
2.2172,
2.2179,
2.2187,
2.2194,
2.2202,
2.2210,
2.2218,
2.2222,
2.2226,
2.2235,
2.2243,
2.2252,
2.2261,
2.2270,
2.2277,
2.2287,
2.2297,
2.2304,
2.2312,
2.2324,
2.2337,
2.2346,
2.2355,
2.2364,
2.2373,
2.2384,
2.2394,
2.2402,
2.2409,
2.2417,
2.2425,
2.2433,
2.2442,
2.2450,
2.2459,
2.2467,
2.2476,
2.2485,
2.2493,
2.2502,
2.2510,
2.2519,
2.2524,
2.2530,
2.2539,
2.2548,
2.2554,
2.2561,
2.2568,
2.2575,
2.2583,
2.2591,
2.2599,
2.2607,
2.2613,
2.2620,
2.2630,
2.2640,
2.2648,
2.2656,
2.2664,
2.2672,
2.2681,
2.2690,
2.2694,
2.2699,
2.2708,
2.2717,
2.2727,
2.2736,
2.2742,
2.2752,
2.2761,
2.2768,
2.2778,
2.2788,
2.2795,
2.2802,
2.2810,
2.2817,
2.2825,
2.2833,
2.2841,
2.2849,
2.2855,
2.2861,
2.2870,
2.2880,
2.2886,
2.2893,
2.2901,
2.2908,
2.2916,
2.2925,
2.2929,
2.2933,
2.2942,
2.2951,
2.2960,
2.2969,
2.2976,
2.2985,
2.2996,
2.3003,
2.3014,
2.3026,
2.3034,
2.3043,
2.3051,
2.3060,
2.3070,
2.3079,
2.3088,
2.3098,
2.3105,
2.3116,
2.3127,
2.3134,
2.3142,
2.3150,
2.3158,
2.3166,
2.3174,
2.3183,
2.3192,
2.3200,
2.3205,
2.3209,
2.3218,
2.3227,
2.3233,
2.3239,
2.3245,
2.3254,
2.3264,
2.3271,
2.3278,
2.3285,
2.3292,
2.3299,
2.3303,
2.3307,
2.3315,
2.3323,
2.3332,
2.3340,
2.3346,
2.3355,
2.3365,
2.3371,
2.3378,
2.3385,
2.3393,
2.3401,
2.3409,
2.3417,
2.3425,
2.3434,
2.3443,
2.3452,
2.3461,
2.3467,
2.3477,
2.3487,
2.3494,
2.3500,
2.3508,
2.3515,
2.3523,
2.3531,
2.3539,
2.3547,
2.3556,
2.3564,
2.3573,
2.3582,
2.3591,
2.3601,
2.3607,
2.3617,
2.3628,
2.3635,
2.3643,
2.3651,
2.3659,
2.3668,
2.3676,
2.3685,
2.3694,
2.3703,
2.3710,
2.3716,
2.3727,
2.3737,
2.3745,
2.3752,
2.3759,
2.3767,
2.3775,
2.3783,
2.3787,
2.3791,
2.3799,
2.3807,
2.3815,
2.3823,
2.3830,
2.3837,
2.3842,
2.3847,
2.3853,
2.3859,
2.3866,
2.3873,
2.3881,
2.3890,
2.3900,
2.3905,
2.3910,
2.3920,
2.3932,
2.3938,
2.3944,
2.3955,
2.3961,
2.3966,
2.3979,
2.3985,
2.3991,
2.3998,
2.4004,
2.4018,
2.4025,
2.4032,
2.4039,
2.4046,
2.4054,
2.4061,
2.4076,
2.4083,
2.4090,
2.4098,
2.4105,
2.4112,
2.4120,
2.4127,
2.4134,
2.4148,
2.4155,
2.4162,
2.4171,
2.4180,
2.4189,
2.4193,
2.4197,
2.4204,
2.4212,
2.4223,
2.4233,
2.4240,
2.4247,
2.4254,
2.4261,
2.4268,
2.4276,
2.4283,
2.4291,
2.4300,
2.4306,
2.4316,
2.4326,
2.4334,
2.4341,
2.4350,
2.4358,
2.4367,
2.4376,
2.4381,
2.4385,
2.4395,
2.4404,
2.4410,
2.4417,
2.4423,
2.4430,
2.4440,
2.4450,
2.4458,
2.4465,
2.4469,
2.4473,
2.4481,
2.4489,
2.4498,
2.4506,
2.4515,
2.4524,
2.4533,
2.4543,
2.4549,
2.4559,
2.4570,
2.4577,
2.4585,
2.4593,
2.4601,
2.4610,
2.4618,
2.4627,
2.4636,
2.4645,
2.4651,
2.4657,
2.4664,
2.4670,
2.4677,
2.4684,
2.4691,
2.4699,
2.4706,
2.4710,
2.4714,
2.4722,
2.4731,
2.4739,
2.4744,
2.4748,
2.4757,
2.4766,
2.4772,
2.4782,
2.4791,
2.4798,
2.4805,
2.4816,
2.4827,
2.4835,
2.4843,
2.4852,
2.4860,
2.4869,
2.4878,
2.4887,
2.4893,
2.4903,
2.4912,
2.4919,
2.4926,
2.4933,
2.4941,
2.4948,
2.4956,
2.4965,
2.4973,
2.4977,
2.4982,
2.4990,
2.4999,
2.5008,
2.5017,
2.5026,
2.5032,
2.5039,
2.5049,
2.5060,
2.5068,
2.5076,
2.5084,
2.5093,
2.5101,
2.5106,
2.5110,
2.5120,
2.5129,
2.5136,
2.5143,
2.5150,
2.5157,
2.5164,
2.5172,
2.5176,
2.5180,
2.5188,
2.5196,
2.5204,
2.5209,
2.5213,
2.5222,
2.5231,
2.5240,
2.5244,
2.5249,
2.5258,
2.5264,
2.5272,
2.5281,
2.5287,
2.5297,
2.5307,
2.5313,
2.5321,
2.5328,
2.5336,
2.5344,
2.5353,
2.5361,
2.5370,
2.5376,
2.5383,
2.5390,
2.5397,
2.5404,
2.5411,
2.5419,
2.5427,
2.5436,
2.5440,
2.5444,
2.5453,
2.5462,
2.5471,
2.5476,
2.5480,
2.5490,
2.5499,
2.5508,
2.5517,
2.5523,
2.5532,
2.5542,
2.5548,
2.5555,
2.5563,
2.5570,
2.5578,
2.5586,
2.5595,
2.5603,
2.5612,
2.5618,
2.5625,
2.5631,
2.5638,
2.5645,
2.5653,
2.5657,
2.5661,
2.5669,
2.5677,
2.5686,
2.5690,
2.5695,
2.5704,
2.5713,
2.5722,
2.5727,
2.5732,
2.5741,
2.5750,
2.5759,
2.5766,
2.5775,
2.5785,
2.5792,
2.5799,
2.5810,
2.5821,
2.5825,
2.5829,
2.5837,
2.5846,
2.5854,
2.5859,
2.5865,
2.5871,
2.5874,
2.5877,
2.5883,
2.5890,
2.5893,
2.5897,
2.5904,
2.5908,
2.5912,
2.5920,
2.5924,
2.5928,
2.5937,
2.5942,
2.5946,
2.5951,
2.5956,
2.5965,
2.5970,
2.5975,
2.5982,
2.5989,
2.5996,
2.6000,
2.6004,
2.6011,
2.6019,
2.6028,
2.6036,
2.6045,
2.6054,
2.6063,
2.6073,
2.6078,
2.6083,
2.6092,
2.6102,
2.6112,
2.6119,
2.6129,
2.6139,
2.6146,
2.6153,
2.6160,
2.6167,
2.6175,
2.6183,
2.6191,
2.6199,
2.6207,
2.6211,
2.6215,
2.6224,
2.6232,
2.6237,
2.6243,
2.6248,
2.6254,
2.6260,
2.6266,
2.6273,
2.6280,
2.6287,
2.6294,
2.6298,
2.6302,
2.6310,
2.6318,
2.6327,
2.6332,
2.6336,
2.6345,
2.6351,
2.6358,
2.6364,
2.6371,
2.6378,
2.6386,
2.6393,
2.6401,
2.6410,
2.6418,
2.6427,
2.6436,
2.6445,
2.6450,
2.6455,
2.6464,
2.6474,
2.6480,
2.6487,
2.6493,
2.6500,
2.6507,
2.6514,
2.6521,
2.6528,
2.6536,
2.6544,
2.6552,
2.6560,
2.6569,
2.6573,
2.6577,
2.6586,
2.6595,
2.6601,
2.6610,
2.6620,
2.6626,
2.6633,
2.6640,
2.6648,
2.6655,
2.6663,
2.6672,
2.6676,
2.6680,
2.6689,
2.6698,
2.6702,
2.6707,
2.6716,
2.6722,
2.6728,
2.6734,
2.6738,
2.6741,
2.6747,
2.6754,
2.6762,
2.6765,
2.6769,
2.6777,
2.6781,
2.6785,
2.6793,
2.6801,
2.6806,
2.6810,
2.6819,
2.6823,
2.6828,
2.6837,
2.6843,
2.6849,
2.6855,
2.6865,
2.6875,
2.6883,
2.6890,
2.6898,
2.6906,
2.6914,
2.6922,
2.6931,
2.6936,
2.6940,
2.6949,
2.6958,
2.6964,
2.6970,
2.6976,
2.6983,
2.6989,
2.6996,
2.6999,
2.7003,
2.7010,
2.7018,
2.7026,
2.7030,
2.7034,
2.7043,
2.7047,
2.7051,
2.7060,
2.7064,
2.7069,
2.7078,
2.7084,
2.7090,
2.7096,
2.7103,
2.7109,
2.7116,
2.7123,
2.7131,
2.7138,
2.7146,
2.7155,
2.7163,
2.7168,
2.7172,
2.7181,
2.7190,
2.7199,
2.7205,
2.7214,
2.7224,
2.7230,
2.7237,
2.7244,
2.7252,
2.7260,
2.7268,
2.7276,
2.7284,
2.7289,
2.7293,
2.7302,
2.7306,
2.7311,
2.7320,
2.7326,
2.7332,
2.7335,
2.7338,
2.7345,
2.7351,
2.7355,
2.7358,
2.7365,
2.7373,
2.7377,
2.7381,
2.7388,
2.7393,
2.7397,
2.7401,
2.7405,
2.7414,
2.7418,
2.7423,
2.7432,
2.7436,
2.7441,
2.7447,
2.7453,
2.7459,
2.7462,
2.7465,
2.7472,
2.7479,
2.7486,
2.7493,
2.7501,
2.7509,
2.7513,
2.7517,
2.7526,
2.7535,
2.7544,
2.7548,
2.7553,
2.7562,
2.7568,
2.7574,
2.7581,
2.7587,
2.7594,
2.7601,
2.7608,
2.7616,
2.7624,
2.7628,
2.7632,
2.7640,
2.7648,
2.7653,
2.7657,
2.7665,
2.7670,
2.7674,
2.7683,
2.7688,
2.7694,
2.7699,
2.7705,
2.7708,
2.7711,
2.7717,
2.7723,
2.7730,
2.7737,
2.7741,
2.7745,
2.7752,
2.7760,
2.7764,
2.7769,
2.7777,
2.7782,
2.7786,
2.7795,
2.7801,
2.7807,
2.7814,
2.7821,
2.7828,
2.7835,
2.7843,
2.7851,
2.7855,
2.7859,
2.7868,
2.7877,
2.7886,
2.7891,
2.7895,
2.7905,
2.7910,
2.7914,
2.7924,
2.7930,
2.7936,
2.7943,
2.7946,
2.7949,
2.7955,
2.7962,
2.7969,
2.7973,
2.7977,
2.7984,
2.7988,
2.7992,
2.8000,
2.8005,
2.8009,
2.8018,
2.8022,
2.8027,
2.8036,
2.8040,
2.8045,
2.8051,
2.8058,
2.8061,
2.8065,
2.8072,
2.8079,
2.8086,
2.8090,
2.8094,
2.8102,
2.8110,
2.8115,
2.8119,
2.8128,
2.8137,
2.8141,
2.8146,
2.8155,
2.8160,
2.8165,
2.8174,
2.8180,
2.8186,
2.8192,
2.8198,
2.8204,
2.8210,
2.8217,
2.8223,
2.8227,
2.8231,
2.8238,
2.8246,
2.8253,
2.8257,
2.8262,
2.8270,
2.8274,
2.8278,
2.8287,
2.8293,
2.8298,
2.8304,
2.8307,
2.8311,
2.8317,
2.8324,
2.8327,
2.8331,
2.8338,
2.8342,
2.8346,
2.8354,
2.8358,
2.8363,
2.8371,
2.8376,
2.8380,
2.8385,
2.8389,
2.8399,
2.8403,
2.8408,
2.8414,
2.8417,
2.8420,
2.8426,
2.8433,
2.8436,
2.8439,
2.8446,
2.8453,
2.8457,
2.8461,
2.8468,
2.8472,
2.8476,
2.8485,
2.8489,
2.8493,
2.8502,
2.8506,
2.8511,
2.8520,
2.8524,
2.8529,
2.8535,
2.8541,
2.8544,
2.8547,
2.8554,
2.8561,
2.8567,
2.8575,
2.8578,
2.8582,
2.8590,
2.8598,
2.8602,
2.8606,
2.8614,
2.8618,
2.8623,
2.8631,
2.8636,
2.8640,
2.8649,
2.8654,
2.8660,
2.8665,
2.8671,
2.8674,
2.8677,
2.8683,
2.8690,
2.8697,
2.8700,
2.8704,
2.8711,
2.8719,
2.8723,
2.8727,
2.8736,
2.8740,
2.8744,
2.8753,
2.8757,
2.8762,
2.8768,
2.8774,
2.8777,
2.8780,
2.8787,
2.8794,
2.8797,
2.8801,
2.8808,
2.8812,
2.8816,
2.8825,
2.8829,
2.8833,
2.8838,
2.8842,
2.8852,
2.8856,
2.8861,
2.8866,
2.8871,
2.8881,
2.8886,
2.8891,
2.8898,
2.8901,
2.8905,
2.8912,
2.8919,
2.8922,
2.8926,
2.8934,
2.8937,
2.8941,
2.8949,
2.8953,
2.8958,
2.8966,
2.8970,
2.8975,
2.8979,
2.8984,
2.8993,
2.8997,
2.9002,
2.9006,
2.9011,
2.9015,
2.9020,
2.9023,
2.9026,
2.9032,
2.9034,
2.9037,
2.9043,
2.9046,
2.9049,
2.9053,
2.9056,
2.9059,
2.9062,
2.9069,
2.9073,
2.9076,
2.9080,
2.9084,
2.9087,
2.9091,
2.9095,
2.9099,
2.9103,
2.9107,
2.9116,
2.9120,
2.9124,
2.9129,
2.9133,
2.9138,
2.9141,
2.9144,
2.9150,
2.9156,
2.9162,
2.9165,
2.9169,
2.9176,
2.9183,
2.9187,
2.9191,
2.9199,
2.9207,
2.9212,
2.9216,
2.9225,
2.9230,
2.9235,
2.9244,
2.9249,
2.9254,
2.9261,
2.9264,
2.9267,
2.9274,
2.9281,
2.9285,
2.9288,
2.9296,
2.9300,
2.9303,
2.9312,
2.9316,
2.9320,
2.9324,
2.9328,
2.9337,
2.9342,
2.9346,
2.9351,
2.9355,
2.9364,
2.9369,
2.9374,
2.9378,
2.9383,
2.9389,
2.9394,
2.9397,
2.9400,
2.9406,
2.9412,
2.9415,
2.9418,
2.9425,
2.9431,
2.9435,
2.9439,
2.9446,
2.9450,
2.9453,
2.9461,
2.9465,
2.9469,
2.9474,
2.9478,
2.9486,
2.9491,
2.9495,
2.9501,
2.9503,
2.9506,
2.9512,
2.9515,
2.9518,
2.9525,
2.9528,
2.9531,
2.9538,
2.9542,
2.9546,
2.9550,
2.9554,
2.9558,
2.9562,
2.9570,
2.9575,
2.9579,
2.9583,
2.9588,
2.9593,
2.9597,
2.9607,
2.9611,
2.9616,
2.9622,
2.9628,
2.9631,
2.9634,
2.9641,
2.9647,
2.9654,
2.9658,
2.9661,
2.9669,
2.9676,
2.9680,
2.9684,
2.9693,
2.9697,
2.9701,
2.9710,
2.9714,
2.9719,
2.9728,
2.9732,
2.9737,
2.9743,
2.9746,
2.9749,
2.9755,
2.9758,
2.9761,
2.9767,
2.9771,
2.9774,
2.9778,
2.9781,
2.9788,
2.9792,
2.9796,
2.9800,
2.9804,
2.9808,
2.9813,
2.9817,
2.9821,
2.9826,
2.9830,
2.9835,
2.9839,
2.9844,
2.9849,
2.9853,
2.9858,
2.9861,
2.9864,
2.9870,
2.9873,
2.9877,
2.9883,
2.9887,
2.9890,
2.9897,
2.9901,
2.9905,
2.9913,
2.9917,
2.9921,
2.9925,
2.9930,
2.9934,
2.9939,
2.9948,
2.9953,
2.9957,
2.9962,
2.9967,
2.9972,
2.9977,
2.9982,
2.9987,
2.9990,
2.9994,
3.0000,
3.0004,
3.0007,
3.0014,
3.0018,
3.0022,
3.0026,
3.0029,
3.0037,
3.0041,
3.0045,
3.0049,
3.0053,
3.0058,
3.0062,
3.0066,
3.0070,
3.0075,
3.0079,
3.0088,
3.0093,
3.0098,
3.0102,
3.0107,
3.0111,
3.0116,
3.0121,
3.0124,
3.0127,
3.0133,
3.0138,
3.0141,
3.0144,
3.0150,
3.0154,
3.0157,
3.0164,
3.0167,
3.0171,
3.0178,
3.0182,
3.0186,
3.0194,
3.0198,
3.0202,
3.0207,
3.0211,
3.0220,
3.0224,
3.0229,
3.0235,
3.0238,
3.0241,
3.0248,
3.0251,
3.0254,
3.0261,
3.0265,
3.0269,
3.0276,
3.0280,
3.0284,
3.0288,
3.0293,
3.0297,
3.0301,
3.0310,
3.0315,
3.0319,
3.0324,
3.0328,
3.0333,
3.0338,
3.0343,
3.0347,
3.0352,
3.0357,
3.0363,
3.0366,
3.0368,
3.0374,
3.0377,
3.0380,
3.0383,
3.0386,
3.0393,
3.0396,
3.0399,
3.0406,
3.0410,
3.0413,
3.0417,
3.0420,
3.0424,
3.0428,
3.0436,
3.0440,
3.0444,
3.0448,
3.0453,
3.0457,
3.0461,
3.0466,
3.0470,
3.0475,
3.0478,
3.0481,
3.0487,
3.0490,
3.0493,
3.0496,
3.0499,
3.0506,
3.0510,
3.0513,
3.0517,
3.0521,
3.0528,
3.0532,
3.0537,
3.0541,
3.0545,
3.0549,
3.0554,
3.0558,
3.0563,
3.0567,
3.0572,
3.0577,
3.0581,
3.0586,
3.0591,
3.0594,
3.0597,
3.0603,
3.0606,
3.0609,
3.0615,
3.0619,
3.0622,
3.0625,
3.0629,
3.0632,
3.0636,
3.0643,
3.0647,
3.0651,
3.0655,
3.0659,
3.0663,
3.0667,
3.0672,
3.0676,
3.0680,
3.0685,
3.0689,
3.0694,
3.0698,
3.0703,
3.0707,
3.0712,
3.0715,
3.0718,
3.0723,
3.0726,
3.0729,
3.0735,
3.0739,
3.0742,
3.0745,
3.0749,
3.0756,
3.0759,
3.0763,
3.0767,
3.0771,
3.0775,
3.0779,
3.0787,
3.0791,
3.0796,
3.0800,
3.0805,
3.0809,
3.0814,
3.0819,
3.0823,
3.0828,
3.0833,
3.0839,
3.0842,
3.0845,
3.0849,
3.0852,
3.0859,
3.0862,
3.0866,
3.0873,
3.0877,
3.0880,
3.0884,
3.0888,
3.0897,
3.0901,
3.0905,
3.0910,
3.0914,
3.0919,
3.0923,
3.0928,
3.0933,
3.0938,
3.0942,
3.0947,
3.0952,
3.0957,
3.0962,
3.0965,
3.0968,
3.0975,
3.0978,
3.0981,
3.0987,
3.0991,
3.0994,
3.0998,
3.1001,
3.1005,
3.1008,
3.1016,
3.1020,
3.1023,
3.1027,
3.1031,
3.1036,
3.1040,
3.1044,
3.1048,
3.1052,
3.1057,
3.1061,
3.1065,
3.1070,
3.1074,
3.1079,
3.1083,
3.1086,
3.1088,
3.1093,
3.1096,
3.1099,
3.1104,
3.1107,
3.1110,
3.1116,
3.1119,
3.1123,
3.1126,
3.1129,
3.1133,
3.1136,
3.1144,
3.1148,
3.1152,
3.1156,
3.1160,
3.1164,
3.1168,
3.1173,
3.1177,
3.1181,
3.1186,
3.1190,
3.1195,
3.1198,
3.1201,
3.1207,
3.1210,
3.1213,
3.1219,
3.1223,
3.1226,
3.1230,
3.1233,
3.1241,
3.1245,
3.1249,
3.1253,
3.1257,
3.1261,
3.1266,
3.1270,
3.1275,
3.1279,
3.1284,
3.1289,
3.1294,
3.1299,
3.1304,
3.1309,
3.1314,
3.1319,
3.1324,
230.0000,
230.0000,
230.0000,
230.0000,
230.0000,
230.0000,
230.0000,
230.0000,
230.0000,